20260528000001
20260528000002
20260528000003
20260529000000
20260529000001
20260529000002
20260529000003
20260529000004
20260529000005
20260529000006
20260529000007
20260529000008
20260530000014
20260529000009
20260529000010
20260529000011
20260529000012
20260530000000
20260530000001
20260530000002
20260530000003
20260530000004
20260530000005
20260530000006
20260530000007
20260530000008
20260530000009
20260530000010
20260530000011
20260530000012
20260530000013
20260530000015
20260531000001
20260531000002
20260531000003
20260531000004
20260531000005
20260531000006
20260531000007
20260531000008
20260531000009
20260531000010
20260531000011
20260531000012
20260601000100
20260601000200
20260601000800
20260601000300
20260601000400
20260601000500
20260601000601
20260601000602
20260602000600
20260601000603
20260601082500
20260601082600
20260601000101
20260601000700
20260603000100
20260601082700
20260601120000
20260601133000
20260601153000
20260601170000
20260602000000
20260602000100
20260602000200
20260602000300
20260602000400
20260602000500
20260603000200
20260603000300
20260604000000
20260604000001
20260604000002
20260604000003
20260604000004
20260604000005
20260604000006
20260604000007
20260604000008
20260604000009
20260604000010
20260604000011
20260604160012
20260604165000
20260604190000
20260604190001
20260604190002
20260604190003
20260605090000
20260605100000
20260605110000
20260605170000
20260605171000
20260605000001
20260605
20260606120000
